$ANSIBLE_VAULT;1.1;AES256
66323362353139313831353961666233386635643039373333633232666438626533333230633831
6634326333336665663436376364336363396334393363610a313837303034333766393962363239
33343732353864303866656336316132353666376562393636306465346566653838373837316131
3665633965643631640a303164626664343166616631353436623363326464303264396166646239
30643761383630616634343535323566333736656661306439366232323735623732653261306435
34396439326631653462636335656538336264326339396632346632653061623462376464636162
61376432393632623535623031643363303237386634663038643061313637616535383266623165
36333763373735393331366638316235383334633530653837303261646130663732616637393535
62323766643531366339663561626134336139303065376565633266396238663331396139346630
62366534363733613737386138346262643537336333613263626565643733363337363836306634
63336366656433643466626338393161383132623964333134333462303332356633313766353962
63626465333035616238356236323334643833366232313734336630346166653336356462626330
35306161333633333164333230636532613039633636636361623235646133663663393765343437
66393837383132313831356331383832656634653664323563613635633432373738323465633063
62363635333335613237633363303534353037653564623637383932363938656262393463343063
39356631393261653632366434346261333031623231333035643135316236326266383562386233
30356366343534326234343962323564323162663932376239356362353834303561623239316431
64376466303430346133646433613866633334653761366135663033326637626231376138353365
34613364356137613337356464646464326238653566363461643666373038623935346463356438
34303538373365613964363035323362396131623230663766376335353932396363613938363134
62316130343966313166343035366533663838396436306130323834653033623066663166333534
63373339646437353365623834366131366636343131626634343838313732623436373461666164
33303034643264393966633030343031353737343431313037336636363261333066343331313063
37383530333961633530
